10,199
10,210
10,5
10,85
10,221
10,71
10,211
11,26
11,20
11,14
8,14
8,16
8,8
20,3
20,2
20,1
19,3
19,2
19,1
12,3
12,2
12,1
11,30
11,29
11,25
11,23
11,22
11,18
11,16
11,12
11,9
11,8
11,7
11,6
11,4
11,3
11,2
11,1
10,297
10,292
10,291
10,276
10,272
10,258
10,231
10,230
10,229
10,226
10,214
10,202
10,190
10,165
10,123
10,98
10,86
10,84
10,83
10,72
10,11
18,1
10,6
10,3
18,3
10,2
10,1
9,7
9,6
14,1
9,5
9,4
14,3
9,3
13,1
9,2
13,3
9,1
8,18
8,17
8,15
8,13
8,12
8,11
8,10
8,9
8,7
8,6
8,5
8,3
8,2
8,1
3,3
3,2
3,1
2,2
2,3
2,1
0,534
0,472
0,278
0,273
0,270
0,9
0,0
110,34
110,33
110,32
110,31
110,30
110,29
